push
move
250 350 0
box
-80 0 25 160 50 50
rotate
y -35
push
box
-50 100 75 100 100 100
line
-40 50 75 -12 50 75
line
-12 50 75 -12 35 75
line
-40 50 75 -40 35 75
line
-12 35 75 -40 35 75
line
40 50 75 12 50 75
line
12 50 75 12 35 75
line
40 50 75 40 35 75
line
12 35 75 40 35 75
line
-22 24 75 22 24 75
line
-22 24 75 -22 10 75
line
22 24 75 22 10 75
line
-22 10 75 22 10 75
pop
push
move
-155 25 0
box
0 0 50 75 75 75
line
0 -15 50 26 -15 50
line
26 -15 50 26 -30 50
line
26 -30 50 0 -30 50
line
49 -15 50 75 -15 50
line
49 -15 50 49 -30 50
line
49 -30 50 75 -30 50
line
14 -45 50 61 -45 50
line
14 -60 50 61 -60 50
line
14 -45 50 14 -60 50
line
61 -45 50 61 -60 50
pop
push
move
80 25 0
box
0 0 50 75 75 75
line
0 -15 50 26 -15 50
line
26 -15 50 26 -30 50
line
26 -30 50 0 -30 50
line
49 -15 50 75 -15 50
line
49 -15 50 49 -30 50
line
49 -30 50 75 -30 50
line
14 -45 50 61 -45 50
line
14 -60 50 61 -60 50
line
14 -45 50 14 -60 50
line
61 -45 50 61 -60 50
pop
push
move
0 -50 0
box
-25 0 25 50 165 50
push
move
-75 -35 0
box
0 0 25 50 25 50
box
0 -36 25 50 25 50
box
0 -72 25 50 25 50
pop
push
move
25 -35 0
box
0 0 25 50 25 50
box
0 -36 25 50 25 50
box
0 -72 25 50 25 50
pop
push
move
0 -152 0
rotate
x 30
box
-25 0 25 50 70 50
pop
save
my_pic.png
